1111000000
1110100000
1110010000
1110001000
1110000100
1110000010
1110000001
1101100000
1101010000
1101001000
1101000100
1101000010
1101000001
1100110000
1100101000
1100100100
1100100010
1100100001
1100011000
1100010100
1100010010
1100010001
1100001100
1100001010
1100001001
1011100000
1011010000
1011001000
1011000100
1011000010
1011000001
1010110000
1010101000
1010100100
1010100010
1010100001
1010011000
1010010100
1010010010
1010010001
1010001100
1010001010
1010001001
1001110000
1001101000
1001100100
1001100010
1001100001
1001011000
1001010100
1001010010
1001010001
1001001100
1001001010
1001001001

Liczba wygenerowanych sekwencji: 55